CONFIG 8 1 1 0 1
WINZONE 14.8 6.8 2 2 1 
WALL 12 24 24 0.5 1 0 0 2 0.5 2 0 -1 0 0 0 0 0 0 0 0 0 3 0 0 0 3 3 0 0 0
WALL 12 0 24 0.5 1 0 0 2 0.5 2 0 -1 0 0 0 0 0 0 0 0 0 3 0 0 0 3 3 0 0 0
WALL 0 12 0.5 24 1 0 0 2 0.5 2 0 -1 0 0 0 0 0 0 0 0 0 3 0 0 0 3 3 0 0 0
WALL 24 12 0.5 24 1 0 0 2 0.5 2 0 -1 0 0 0 0 0 0 0 0 0 3 0 0 0 3 3 0 0 0
WALL 2.1 19.7 3.9 2 2 0 0 2 0.5 2 0 -1 0 0 0 0 0 0 0 0 0 3 0 0 0 3 3 0 0 0
WALL 9 13.7 2 20 3 0 0 2 0.5 2 0 -1 0 0 0 0 0 0 0 0 0 3 0 0 0 3 3 0 0 0
WALL 6.1 16.4 3.9 2 4 0 0 2 0.5 2 0 -1 0 0 0 0 0 1 1 1 1 3 0 0 0 3 3 0 0 0
WALL 2.1 12.3 3.9 2 5 0 0 2 0.5 2 0 -1 0 0 0 0 0 2 2 2 2 3 0 0 0 3 3 0 0 0
WALL 6.1 7.6 3.9 2 6 0 0 2 0.5 2 0 -1 0 0 0 0 0 3 3 3 3 3 0 0 0 3 3 0 0 0
WALL 5 3.9 6 0.5 7 8 0 2 0.5 2 0 -1 0 0 0 0 1 3.2 3.9 5 3.9 5 0 0 0 3 3 0 0 1
WALL 4.1 24.3 7.7 0.5 8 7 1 2 2 1 1 1 0 0 0 0 0 0 0 0 0 3 0 0 0 3 3 0 0 1
WALL 15 4.7 10 2 2 0 0 2 0.5 2 0 -1 0 0 0 0 0 4 4 4 4 3 0 0 0 3 3 0 0 0
WALL 21 11.55 2 15.7 3 0 0 2 0.5 2 0 -1 0 0 0 0 0 1 1 1 1 3 0 0 0 3 3 0 0 0
WALL 17 20.3877 10 2 4 0 0 2 0.5 2 0 -1 0 0 0 0 0 5 5 5 5 3 0 0 0 3 3 0 0 0
WALL 15 12.7 10 2 5 3 0 2 0.5 2 0 -1 0 0 0 0 0 0 0 0 0 3 0 0 1 20 20 1 0 1
WALL -0.3 1.98 0.5 3.4 6 7 1 20 8 0 1 3 0 0 0 0 0 0 0 0 0 3 0 0 0 3 3 0 0 1
WALL 22.9 -0.32 1.8 0.5 7 7 1 25 10 1 1 0 0 0 0 0 0 1 1 1 1 3 0 0 0 3 3 0 0 1
WALL 13.4 6.8 0.5 2.2 8 6 0 2 0.5 2 0 -1 0 0 0 0 0 0 0 0 0 3 0 0 0 3 3 0 0 1
WALL 16.2 6.8 0.5 2.2 8 6 0 2 0.5 2 0 -1 0 0 0 0 0 1 1 1 1 3 0 0 0 3 3 0 0 1
RACER 0 1 23 0 0 0 0
RACER 1 2.02462 23 0 0 0 0
RACER 2 1 22 8 8 0 0
RACER 3 2 22 8 8 0 0
